-0.5017265769965941
-0.5000753368652889
-0.5002569593257228
-0.5017488712572402
-0.5003861670845174
-0.49922796129400515
-0.5000527165674385
-0.500828493293703
-0.5000663207291507
-0.49993696890642497
-0.49934436268725024
-0.5015403091391507
-0.5007255084437525
-0.5003273438030805
-0.5001255709096706
-0.5011947101657492
-0.5010978532110795
-0.5015002281788279
-0.49922089128374325
-0.5004185778351526
-0.5025313727174968
-0.5007965083836715
-0.49933716156540187
-0.5019116637320257
-0.5018303024332554
-0.4995198277206854
-0.5001781858989256
-0.50323613035867
-0.49885662135557685
-0.5014625731870368
-0.50110021586455
-0.5000955126815938
-0.5005633765476343
-0.5016339899609994
-0.5004424906870036
-0.49980321234856034
-0.5022993509449104
-0.5004959221982914
-0.4985702356768433
-0.4988991958764248
-0.4986518291507544
-0.5032473014867525
-0.5041254107098464
-0.49945417981300333
-0.5008804487849083
-0.5012619159175621
-0.5005371662845024
-0.5024935516978293
