-7.804169503308171
-0.4999421257962339
-0.5084307287353078
-0.5016973568754713
-0.5360218722700274
-0.49939549798908217
-0.5157308530670294
-0.5009602819721073
-0.5043877289834576
-26.582836660284585
8.25870627104661
-0.5032439999785305
-0.5218408145069783
-0.5020068476922371
-0.5000200492302747
-0.5040274068646046
-0.49101042541224454
-0.5005502355726054
-0.4990071039949818
-0.49967295502686204
-0.501943708543425
-0.502182288952346
-0.499319750067762
0.27695643858901764
-0.5003906437761797
-0.499394335788768
0.39792893695703524
-0.7974282167064836
-0.48880272430007354
-0.5189284361043199
-0.4837862715404635
-2.5566429088137257
0.09304241309964079
9.912264481900653
0.7811456064728738
-0.4996944929482414
-0.5023791013069506
0.4588702677714783
-0.4966554556124861
-0.3771347482765407
-0.4985188689105912
-0.2594493476405374
-0.5041093875206618
-0.4332796647768905
-0.4917253327729875
-0.5017360803879136
-0.5139562114888121
-0.42839379036917924
