-0.5017757938188714
-0.4988951663197315
-0.49847427850110654
-0.4973678931026832
-0.4958064915364816
-0.5024532508368135
-0.5002103442379602
-0.49698208395996357
-0.49650509910140445
-0.5021763202736175
-0.5033712927683559
-0.4953013206050026
-0.4966198548308777
-0.49746860021128236
-0.49770577450503967
-0.49583975239988043
-0.4969055247413185
-0.4965601991994788
-0.49759067720572386
-0.4990565042513084
-0.4965891967260337
-0.4973329749053112
-0.5014549250790717
-0.4963655450799268
-0.4968448152155518
-0.49474172687067997
-0.4984658307974662
-0.4966789263655179
-0.5002897397423385
-0.49642067410349905
-0.49963270061629583
-0.49773391882617657
-0.49698007002492905
-0.4982460852119338
-0.496664502532521
-0.5050860153834875
-0.4967944286608239
-0.49848133844931863
-0.5036405938978828
-0.5012780840928625
-0.5022125428051823
-0.5054306785919926
-0.49669015943214745
-0.49987988392965954
-0.5005429984914371
-0.49719903317938224
-0.4979926381557435
-0.4951882130361883
