1868055
1185487
2328671
2195507
336998
929543
598734
2866037
997675
422804
1335873
2576717
3142086
1295591
2657413
3729008
2876043
1393705
811267
2749265
3186549
3093487
760683
425902
3506381
634393
342750
3266554
3434753
2444655
840825
2728821
3802765
1285532
2083328
3587582
2001426
479148
595587
1342966
134322
2641670
1822089
2383871
606658
2877964
3317560
940512
2890817
383908
3602855
501447
409458
412225
1659437
42783
3644082
2126286
1613958
925812
633375
1591561
1989703
3510524
224952
2077111
15957
272752
1453667
680105
2017071
457028
3444745
2994546
2744902
2677924
1339481
515410
404831
107050
1322855
2029118
1020508
2520771
38072
1349655
2667719
806104
2297199
1337883
3131445
3752482
3564243
57021
2291062
2000173
690073
2171751
489168
989850
