95810
21498
421810
99678
266003
1459147
337386
1373795
789621
1145839
638750
582141
144861
1002978
69099
136658
766562
1051560
1108405
453820
602225
902380
110385
439582
878050
8395
1133199
1291221
858113
753419
1387413
1436123
938815
191123
1497795
865051
207447
124924
884154
709191
110426
653144
1338666
494142
879623
1444731
794212
652997
138149
264762
607646
858593
1314748
856296
659630
1050540
568186
1407854
596876
54012
282164
402772
401952
1175618
557986
1314999
1448903
1488928
1158251
464092
1390502
511269
1252324
257124
726678
362373
1066096
1165034
301300
1175819
1142887
709625
1353277
1183892
327531
1216642
1307979
1117343
69278
718835
240526
1281288
922673
1416412
1114385
1111442
1050648
153925
441379
120849
