533647
1385252
2111455
2538562
872392
499789
1076240
743980
2643942
1900710
1553187
202830
3231057
3512657
1396384
832988
3661346
518028
78934
2820101
1307481
172128
1586270
3532373
2952261
1155855
945049
893887
3512669
2933561
2691613
1292583
3215811
3726052
2511881
2691873
2614271
3572303
3413861
3146288
2715426
1730220
2658212
357751
1121241
1373976
3074148
3055014
61182
263829
820479
3236890
2891163
1483286
648075
3514422
839205
59107
2192381
2548490
13265
1493337
954314
3058933
3504247
2327802
3583640
1836225
2052758
476659
389238
2688450
2726207
2859298
1251704
987529
1033753
2081467
2065814
2022919
3227885
3006358
711352
403018
1403305
1988772
2523655
1333765
1777128
200435
2613189
1082596
588717
2051439
3493678
2341073
34120
2316491
2232401
469031
