-0.5018101232231811
-0.49787555826819363
-0.498501795578166
-0.49982066977505957
-0.5009605946425617
-0.4999571094218056
-0.4970581429172119
-0.5002487721707425
-0.10870353562833901
-0.49960210433951957
-0.5029445047031472
-0.49964209808023274
-0.5013533741636527
-0.5013929355629093
-0.5024219778353859
-0.5006298749468231
-0.5020802759633923
-0.49949807795872525
-0.502748792000629
-0.5000198290295593
-0.5029971066346383
-0.5005099581543554
-0.5010248022222183
-0.5039697149497985
-0.5006696637889112
-0.5009173986903553
-0.504788520590129
-0.5011933336309933
-0.5004264600432634
-0.5044778966085396
-0.49793766403921974
-0.49962044271459766
-0.5014397194746774
-0.5009395456491142
-0.5012787808730328
-0.4996154205442263
-0.49904483581320785
-0.5024163114007479
-0.5008451544310402
-0.502907314516438
-0.5002246743578773
-0.5019751155887583
-0.4998895037909373
-0.5007692309972961
-0.4996267231173251
-0.5030527321671806
-0.5009815920747351
-0.5013373564306621
