-0.5021146005844142
-0.4970040326786947
-0.4927678198018212
-0.5054704584161452
-0.5021448305053318
-0.5043161440890993
-0.4964228220815307
-0.5073690682039456
-0.6671179875545611
-0.4983551802069513
-0.5030796051427721
-0.4995456382230504
-0.500046482901284
-0.5235754738143302
-0.5027319332551338
-0.5002610077905391
-0.4477451022876601
-0.4897391171468541
-0.5024131370795475
-0.4992319968210941
-0.5054164775151707
-0.49133061130826594
-0.4902984518371859
-0.5040179036478941
-0.4559272342284066
-0.4985637777418912
-0.50666906928052
-0.5013269928878127
-0.4829634269465008
-0.5170687628694782
-0.5041372272510055
-0.5908065727921841
-0.5014366730146758
-0.5005958562791096
-0.5013978937392941
-0.057020797887322394
-0.4993022835977086
-0.5021994155230497
-0.4477029588331546
-0.5071744816660267
-0.500966807827577
-0.5017451745101578
-0.49834397606121755
-0.5007561169323855
-0.8073071452684621
-0.5027660165894011
-0.5046328181144628
-0.5011320654549886
