-0.49588483680517614
-0.502778084990896
-0.5012385701162618
-0.5005283239885231
-0.49704608281177454
-0.4978480934344879
-0.5017937361367721
-0.5002317630002295
-0.04501382887257635
-0.49677460158296777
-0.4969507823045879
-0.4965547062207839
-0.4960303851392163
-0.49800405374963036
-0.4974291982866175
-0.49863695454078305
-0.5023542376575687
-0.4961473866776465
-0.49668546714190703
-0.4983254074678111
-0.49746217589366637
-0.49601544001311976
-0.49700494247041377
-0.4977180083788601
-0.4972396542791284
-0.49648837241300453
-0.49949103792729377
-0.49819595976991116
-0.4969931912312882
-0.4994271899641702
-0.5021267255224593
-0.4996906580505804
-0.49589861689108694
-0.498498448807204
-0.4996713106367888
-0.4976973860091111
-0.49981202312930484
-0.4964194730917999
-0.49612044930731614
-0.49704603721897933
-0.5041365691530819
-0.4980665528806547
-0.5028224686356869
-0.5008044304046301
-0.49994857859661573
-0.4948575570885707
-0.4977038048898299
-0.4971079476732383
