43527.64131933258
45554.77115127375
47750.16001490508
50004.263692252876
47072.64803662927
49375.47176052242
24331.908184928638
25771.214955978696
5925.522731457583
6237.312611668384
39505.404538691444
42655.63624706592
23879.22232779908
26170.251433203488
5929.009541806843
6905.635176016271
5919.299027136205
6231.381180456932
5911.6464941552
5917.944301183181
5923.619425692003
6051.817078213904
5918.676750888344
5945.0283842085
5914.41125147275
5928.1967375519835
5911.471954455104
5917.694753756807
5909.698685845112
5911.697877889916
