43530.56736840905
45574.18456356754
47755.583908387314
50028.688513096655
47084.097925589595
49408.19455999296
24358.93677309865
25818.235960474543
5958.861549299496
6285.444545576798
39522.941550658674
42695.941437249116
23906.17345804173
26211.665075173365
5963.854989400008
6941.472694526615
5952.732262878759
6259.333607584054
5943.987770718958
5949.344808929562
5957.654735990153
6081.733341265192
5952.065304750011
5976.24411638705
5947.271322745895
5959.438849870435
5943.916909316411
5949.107846951597
5941.87374834247
5943.3468962193365
