10.025086839058279
7.853957882654187
6.424090338770389
4.9910441980926565
3.923749185594572
3.2053933327818678
2.6867204137511407
2.2180015935935535
1.9081395537789045
1.6292014126683587
1.4419346191289135
1.3438765595990496
1.240226476139121
1.160907908052624
1.0822359538068083
1.0143763112386255
0.9616036350399779
0.9059544285661184
0.8668783533581623
0.8267626825782965
0.7925842819384741
0.7620058207710022
0.7279276734001978
0.6957238405362158
0.6654489538603201
0.6413122286353445
0.6162694938816727
0.5948545588585294
0.5767704111986951
0.5588094086925155
0.5465012832091712
