38682.589278745916
40485.88206649422
39590.121487539254
41437.65412263749
40518.11981113782
42411.17785842922
41462.67913444056
43402.42824360372
42418.22545808986
44405.64704469985
43376.967154277954
45412.77182835046
44328.16259807532
46412.673679682775
45257.1394311557
47390.13612098072
46143.97726702707
48324.483228117126
46961.7343352219
49187.732215511016
47674.058035490976
49942.10335029639
48231.97011538446
50536.6683986348
48569.565398075494
50902.8642354123
48598.330286618824
50948.563036320535
48199.83448221713
50550.43750906114
47216.8348615303
49544.65295924136
45443.75432414502
47716.87247178217
42620.06296740272
44795.217319906
38436.81441051911
40456.79904953057
32583.86887671015
34376.37452090971
24909.491382788463
26391.542223195305
15876.408910239381
16975.72737766713
7778.039323910062
8501.098381994865
5966.434857699921
6520.469616271308
5966.240630090535
6410.952096728006
5959.471283084957
6289.813598109691
5921.290193007006
6134.443339073165
5852.664612487844
5963.143318201435
37803.50379072527
40425.00970722518
38690.94178496425
41378.04757675454
39598.472665817106
42353.2652965873
40522.29755647653
43346.729820254295
41456.990505973525
44352.79600105156
42394.96320917943
45363.54096379645
43325.75056037384
46368.00867123377
44235.05385636981
47351.19758238543
45103.45557675695
48292.69990415837
45904.68910064289
49164.86829020748
46603.307148531654
49930.34344892003
47151.544628174495
50538.724305910786
47485.12095153162
50922.10719989305
47517.694840105825
50989.18377166603
47133.730449510935
50617.63034854937
46179.81177201826
49644.80593617918
44455.342904588506
47857.70983113176
41706.072584826055
44985.758860560345
37630.44090836878
40706.811320334964
31925.600671988177
34694.551438477676
24443.042657856993
26780.63758320521
15633.411549660623
17420.512830785647
7732.9473685348685
8939.762801089399
5961.847281969715
6811.39863330738
5957.382900082773
6527.599187827226
5952.8965447914015
6267.023876502904
5948.417916676784
6064.381779477027
5947.465706414489
5968.956853014318
37368.87077385647
40867.027893661514
38246.36111044933
41829.860324626665
39143.75768122296
42814.99749186066
40057.31375619573
43818.43848090899
40981.67612668911
44834.44525180368
41909.35646584587
45854.96891623247
42830.02572354438
46868.883451804206
43729.56914231292
47860.958733520616
44588.81686942317
48810.47996453553
45381.834940791276
49689.387375425475
46073.622316284906
50459.76687930189
46617.01210827839
51070.469469077645
46948.525123597676
51452.580538862094
46982.892129281194
51513.421725952845
46606.006412306546
51128.80922878567
45666.34275870374
50133.5762156963
43965.76827452627
48311.3047967319
41253.14010654188
45386.84035896293
37230.563285092474
41032.0877551446
31598.82819749336
34913.45061405084
24211.09340790791
26855.06134696738
15512.189747739101
17308.847155396525
7710.428407142134
8614.425638971154
5961.359879015671
6317.4901119283395
5956.657872770205
6043.371840954629
5952.202396669295
5976.796677030051
5948.219491737738
5962.605450499647
5944.982008260385
5952.742442073377
