43376.967154277954
45412.77182835046
47674.058035490976
49942.10335029639
47216.8348615303
49544.65295924136
24909.491382788463
26391.542223195305
5959.471283084957
6289.813598109691
42394.96320917943
45363.54096379645
46603.307148531654
49930.34344892003
46179.81177201826
49644.80593617918
24443.042657856993
26780.63758320521
5952.8965447914015
6267.023876502904
41909.35646584587
45854.96891623247
46073.622316284906
50459.76687930189
45666.34275870374
50133.5762156963
24211.09340790791
26855.06134696738
5952.202396669295
5976.796677030051
