0.037812500000000006
0.03361111111111112
0.030250000000000006
0.027500000000000004
0.025208333333333336
0.02326923076923077
0.02160714285714286
0.02016666666666667
0.018906250000000003
0.017794117647058825
0.01680555555555556
0.01592105263157895
0.015125000000000003
0.014404761904761906
0.013750000000000002
0.01315217391304348
0.012604166666666668
0.012100000000000001
0.011634615384615386
0.011203703703703705
0.01080357142857143
0.010431034482758622
0.010083333333333335
0.009758064516129034
0.009453125000000001
0.009166666666666668
0.008897058823529412
0.008642857142857145
0.00840277777777778
0.008175675675675677
